# Archive/proxy
#	Lake sediment
#--------------------
# Contribution Date
#	Date: 2012-03-13 17:09:11
#--------------------
# Title
#	Study Name: Lake Lehmilampi Finland Lake sediment Varve thickness
#--------------------
#	Investigators: 
#--------------------
# Description and Notes
#--------------------
# Publication
#	Citation: Haltia-Hovi, Eeva and Saarinen, Timo and Kukkonen, Maaret
#	Journal Name: Quaternary Science Reviews
#	Published Title: A 2000-year record of solar forcing on varved lake sediment in eastern Finland
#	Published Date: 2007
#	DOI: 10.1016/j.quascirev.2006.11.005
#	Abstract: A high-resolution study was performed on varved sediments from Lake Lehmilampi in eastern Finland. Varve data was collected by digital image analysis using standard 1.8 mm thick samples impregnated in epoxy and X-rayed. Climatic variability is imprinted on varve properties (varve thickness and accumulation of mineral and organic matter) during the last 2000 years. The cumulative counting error of the varve record is estimated as 2.3%. Qualitative comparison of varve parameters and residual d14C constructed from tree-rings revealed close correspondence between the two records, suggesting solar forcing on lake sedimentation. Classical climatic periods of the last millennia, Medieval Climate Anomaly (1060–1280 in the varve record) and Little Ice Age (cooler phases culminating in 1340, 1465, 1545, 1680, 1850 and also in 1930 in the varve record) are clearly evident in the varve record. At present the physical link between solar activity levels and lake sedimentation has not been established.
#----------------------
#	Science Keywords: PAGES 2k Network, PAGES Arctic 2k, Arctic 2k, temperature, annual resolution
#-------------------- 
# Site Name
#	Region: Scandinavia
#	Country: Finland
#	Northmost Latitude: 63.62
# 	Southmost Latitude: 63.62
# 	Eastmost Longitute: 29.1
# 	Westmost Longitute: 29.1
# 	Elevation: 95
#------------------
# Data Collection  
#	Core Name: Lake Lehmilampi
#	First Year: 1
#	Last Year: 2004
#	Time Unit: AD
#------------------
#  Searchable Controlled Keywords
#	>paleolimnology>varve thickness
#----------------
# Variables 
#	age_AD	Age (years AD)
#	vt.mm	Varve thickness (mm)
# 
age_AD	vt.mm
2004	3.05
2003	4.22
2002	4.88
2001	4.62
2000	2.64
1999	1.98
1998	1.68
1997	1.42
1996	2.39
1995	1.24
1994	4.11
1993	2.01
1992	1.78
1991	1.83
1990	2.03
1989	1.47
1987	0.64
1986	1.24
1985	0.79
1984	0.81
1983	1.19
1982	1.02
1981	0.97
1980	0.94
1979	0.79
1978	0.66
1977	1.04
1976	0.74
1975	0.53
1974	0.86
1973	0.71
1972	0.81
1971	0.99
1970	0.69
1969	0.79
1968	0.89
1967	0.86
1966	0.86
1965	0.76
1964	0.46
1963	0.86
1962	1.02
1961	1.02
1960	0.86
1959	0.71
1958	1.24
1957	1.4
1956	1.14
1955	1.09
1954	0.74
1953	0.79
1952	0.74
1951	0.81
1950	0.99
1949	0.76
1948	0.86
1947	1.07
1946	1.12
1945	1.45
1944	1.4
1943	0.84
1942	0.64
1941	0.84
1940	0.74
1939	0.76
1938	0.81
1937	0.79
1936	1.17
1935	0.86
1934	1.3
1933	1.3
1932	0.99
1931	1.3
1930	1.22
1929	0.74
1928	1.07
1927	0.76
1926	0.97
1925	1.12
1924	1.27
1923	1.12
1922	1.12
1921	1.78
1920	2.21
1919	1.22
1918	1.37
1917	1.68
1916	1.19
1915	0.76
1914	0.86
1913	0.79
1912	1.17
1911	1.12
1910	1.35
1909	1.09
1908	1.14
1907	1.22
1906	0.79
1905	0.71
1904	1.02
1903	0.74
1902	0.48
1901	0.86
1900	0.74
1899	0.84
1898	0.53
1897	0.66
1896	0.61
1895	0.71
1894	0.61
1893	0.76
1892	0.81
1891	0.74
1890	0.69
1889	0.69
1888	0.81
1887	0.86
1886	0.64
1885	0.36
1884	0.69
1883	0.71
1882	0.69
1881	0.84
1880	0.66
1879	0.71
1878	0.86
1877	0.56
1876	0.91
1875	0.79
1874	1.14
1873	0.81
1872	0.53
1871	1.19
1870	0.74
1869	0.86
1868	0.89
1867	0.74
1866	0.89
1865	0.66
1864	1.24
1863	0.99
1862	1.02
1861	0.86
1860	0.84
1859	1.14
1858	0.81
1857	0.94
1856	0.81
1855	1.19
1854	1.3
1853	0.81
1852	1.17
1851	0.94
1850	1.22
1849	1.09
1848	0.89
1847	0.86
1846	0.79
1845	0.64
1844	0.79
1843	0.64
1842	0.99
1841	0.91
1840	1.17
1839	0.94
1838	0.84
1837	1.07
1836	1.02
1835	0.89
1834	1.02
1833	0.76
1832	0.99
1831	1.17
1830	0.89
1829	0.71
1828	0.91
1827	0.89
1826	0.43
1825	0.97
1824	1.02
1823	1.04
1822	0.89
1821	0.66
1820	0.69
1819	0.79
1818	0.66
1817	0.64
1816	1.02
1815	0.76
1814	0.64
1813	0.61
1812	0.84
1811	0.81
1810	0.66
1809	0.79
1808	0.99
1807	1.07
1806	0.66
1805	0.38
1804	0.64
1803	0.71
1802	0.81
1801	0.69
1800	0.97
1799	0.84
1798	1.12
1797	0.76
1796	0.97
1795	0.58
1794	1.22
1793	1.22
1792	1.88
1791	1.52
1790	1.45
1789	1.02
1788	0.36
1787	1.09
1786	0.86
1785	0.74
1784	0.79
1783	0.66
1782	0.76
1781	1.14
1780	0.53
1779	0.76
1778	0.74
1777	0.66
1776	0.58
1775	0.56
1774	0.76
1773	0.71
1772	0.64
1771	0.79
1770	0.74
1769	0.74
1768	0.66
1767	0.71
1766	0.99
1765	0.56
1764	0.48
1763	0.97
1762	0.58
1761	0.61
1760	0.53
1759	0.61
1758	0.81
1757	0.69
1756	0.43
1755	0.81
1754	0.79
1753	0.56
1752	0.99
1751	0.76
1750	0.64
1749	0.84
1748	0.71
1747	0.66
1746	0.91
1745	0.99
1744	1.27
1743	1.14
1742	0.79
1741	0.97
1740	0.74
1739	0.64
1738	0.69
1737	0.58
1736	0.64
1735	0.76
1734	0.79
1733	1.19
1732	0.69
1731	0.76
1730	0.81
1729	0.53
1728	0.41
1727	0.74
1726	0.64
1725	0.3
1724	0.97
1723	0.69
1722	0.61
1721	0.69
1720	0.56
1719	0.58
1718	0.86
1717	0.66
1716	0.56
1715	0.56
1714	0.76
1713	0.51
1712	0.53
1711	0.48
1710	0.76
1709	0.53
1708	0.66
1707	0.91
1706	0.69
1705	0.64
1704	1.02
1703	1.17
1702	0.86
1701	1.02
1700	0.89
1699	0.48
1698	0.74
1697	1.6
1696	0.84
1695	0.89
1694	0.91
1693	0.69
1692	0.61
1691	0.86
1690	0.71
1689	0.84
1688	1.14
1687	0.97
1686	1.09
1685	0.71
1684	0.76
1683	0.74
1682	0.81
1681	0.84
1680	0.56
1679	0.71
1678	0.58
1677	0.66
1676	0.84
1675	1.09
1674	0.94
1673	0.79
1672	0.53
1671	0.66
1670	0.66
1669	0.69
1668	0.97
1667	0.64
1666	0.79
1665	0.66
1664	0.81
1663	0.94
1662	0.99
1661	0.89
1660	0.69
1659	0.58
1658	0.89
1657	0.84
1656	0.81
1655	0.53
1654	0.58
1653	0.84
1652	0.91
1651	0.64
1650	0.69
1649	0.58
1648	0.84
1647	0.81
1646	0.69
1645	0.64
1644	0.81
1643	0.66
1642	0.51
1641	0.58
1640	0.58
1639	0.71
1638	1.04
1637	0.79
1636	0.81
1635	0.71
1634	0.91
1633	0.86
1632	0.81
1631	1.04
1630	0.76
1629	0.86
1628	1.57
1627	0.46
1626	0.84
1625	0.61
1624	0.48
1623	0.76
1622	0.74
1621	0.74
1620	0.64
1619	0.61
1618	0.51
1617	0.61
1616	0.58
1615	0.71
1614	0.58
1613	0.48
1612	0.79
1611	0.91
1610	0.64
1609	0.71
1608	0.86
1607	0.94
1606	0.94
1605	0.76
1604	0.38
1603	0.64
1602	0.84
1601	0.46
1600	0.69
1599	0.76
1598	0.97
1597	0.61
1596	0.71
1595	0.66
1594	0.89
1593	0.71
1592	0.69
1591	0.86
1590	0.79
1589	0.86
1588	0.48
1587	0.79
1586	0.61
1585	0.53
1584	0.64
1583	0.69
1582	0.69
1581	0.64
1580	0.61
1579	0.74
1578	0.81
1577	0.79
1576	0.84
1575	0.86
1574	0.99
1573	0.38
1572	0.99
1571	0.51
1570	1.3
1569	0.91
1568	0.66
1567	1.19
1566	0.76
1565	2.16
1564	1.45
1563	0.51
1562	0.56
1561	0.76
1560	0.64
1559	0.81
1558	0.53
1557	0.71
1556	0.89
1555	0.81
1554	0.84
1553	0.84
1552	0.99
1551	0.94
1550	0.71
1549	0.79
1548	0.53
1547	0.84
1546	0.71
1545	0.86
1544	0.84
1543	0.74
1542	0.89
1541	0.51
1540	0.46
1539	0.58
1538	0.71
1537	0.56
1536	0.94
1535	0.94
1534	1.04
1533	0.79
1532	1.37
1531	1.24
1530	1.68
1529	1.22
1528	1.14
1527	1.07
1526	1.42
1525	1.27
1524	1.3
1523	0.84
1522	1.37
1521	0.48
1520	0.58
1519	0.91
1518	0.69
1517	0.64
1516	0.76
1515	0.64
1514	0.69
1513	0.46
1512	0.74
1511	0.61
1510	0.56
1509	0.58
1508	0.81
1507	0.89
1506	0.66
1505	0.79
1504	0.91
1503	0.61
1502	1.27
1501	0.71
1500	0.86
1499	0.69
1498	0.43
1497	0.38
1496	0.56
1495	0.64
1494	0.51
1493	0.71
1492	0.89
1491	0.74
1490	0.53
1489	0.61
1488	1.83
1487	1.5
1486	1.47
1485	0.74
1484	0.84
1483	1.02
1482	0.86
1481	1.14
1480	0.97
1479	0.97
1478	0.64
1477	0.94
1476	0.71
1475	1.47
1474	0.74
1473	1.02
1472	0.76
1471	0.84
1470	0.38
1469	1.02
1468	0.94
1467	1.47
1466	1.02
1465	1.02
1464	2.08
1463	0.79
1462	0.58
1461	1.17
1460	0.76
1459	0.79
1458	0.89
1457	0.74
1456	0.86
1455	1.32
1454	1.24
1453	0.58
1452	1.09
1451	0.56
1450	1.09
1449	0.66
1448	0.61
1447	0.56
1446	1.47
1445	0.53
1444	1.35
1443	1.88
1442	0.56
1441	0.46
1440	1.02
1439	0.64
1438	0.76
1437	0.3
1436	0.89
1435	0.58
1434	0.43
1433	0.69
1432	1.35
1431	0.71
1430	0.56
1429	0.58
1428	0.69
1427	0.64
1426	0.48
1425	0.58
1424	0.61
1423	0.64
1422	1.07
1421	0.76
1420	0.79
1419	0.43
1418	0.38
1417	0.48
1416	0.71
1415	0.53
1414	0.58
1413	0.71
1412	0.43
1411	0.79
1410	1.17
1409	2.39
1408	1.24
1407	0.69
1406	0.91
1405	0.51
1404	0.99
1403	0.58
1402	0.61
1401	0.56
1400	0.89
1399	0.97
1398	0.71
1397	0.43
1396	0.64
1395	0.64
1394	0.79
1393	0.61
1392	1.02
1391	0.97
1390	1.04
1389	1.02
1388	1.07
1387	0.81
1386	0.84
1385	0.74
1384	0.76
1383	1.04
1382	0.84
1381	0.79
1380	0.71
1379	0.56
1378	0.56
1377	0.64
1376	0.38
1375	0.79
1374	0.76
1373	0.76
1372	0.71
1371	0.48
1370	0.64
1369	0.89
1368	1.19
1367	0.86
1366	0.71
1365	0.94
1364	0.76
1363	0.94
1362	1.65
1361	1.22
1360	0.69
1359	0.89
1358	0.84
1357	0.81
1356	1.6
1355	0.69
1354	0.94
1353	0.71
1352	0.64
1351	0.71
1350	0.89
1349	0.71
1348	1.07
1347	1.73
1346	1.37
1345	1.27
1344	0.89
1343	1.09
1342	1.07
1341	0.51
1340	0.46
1339	1.37
1338	0.99
1337	0.74
1336	1.02
1335	0.89
1334	1.12
1333	0.74
1332	0.97
1331	2.51
1330	1.4
1329	0.79
1328	1.14
1327	0.81
1326	0.99
1325	1.42
1324	1.45
1323	0.71
1322	1.12
1321	1.17
1320	0.53
1319	0.89
1318	1.07
1317	0.74
1316	0.79
1315	0.61
1314	0.58
1313	0.74
1312	0.58
1311	0.84
1310	0.74
1309	0.99
1308	0.94
1307	0.71
1306	0.94
1305	0.61
1304	0.74
1303	1.04
1302	0.86
1301	0.81
1300	0.76
1299	0.79
1298	0.89
1297	0.81
1296	0.58
1295	0.94
1294	0.53
1293	0.89
1292	0.86
1291	0.61
1290	0.81
1289	0.71
1288	0.64
1287	0.64
1286	0.81
1285	0.81
1284	0.61
1283	0.69
1282	0.53
1281	0.48
1280	0.53
1279	0.53
1278	0.64
1277	0.66
1276	0.81
1275	0.74
1274	0.61
1273	0.84
1272	0.56
1271	0.84
1270	0.61
1269	0.69
1268	0.56
1267	0.53
1266	0.46
1265	0.51
1264	0.51
1263	0.36
1262	0.81
1261	0.53
1260	0.48
1259	0.41
1258	0.53
1257	0.51
1256	0.71
1255	0.51
1254	0.64
1253	0.79
1252	0.69
1251	0.81
1250	0.71
1249	0.56
1248	0.84
1247	0.48
1246	0.84
1245	0.71
1244	0.64
1243	0.99
1242	0.64
1241	0.71
1240	0.61
1239	0.91
1238	0.58
1237	0.69
1236	0.79
1235	0.61
1234	0.74
1233	0.66
1232	0.48
1231	0.64
1230	0.64
1229	0.66
1228	0.51
1227	0.64
1226	0.69
1225	0.46
1224	0.56
1223	0.58
1222	0.66
1221	0.81
1220	0.69
1219	1.3
1218	0.71
1217	0.41
1216	0.84
1215	0.86
1214	0.69
1213	0.81
1212	0.61
1211	1.02
1210	0.56
1209	0.64
1208	1.09
1207	1.09
1206	0.51
1205	0.64
1204	0.41
1203	0.79
1202	0.66
1201	0.66
1200	0.48
1199	0.58
1198	0.81
1197	1.07
1196	1.07
1195	1.02
1194	1.27
1193	0.53
1192	0.43
1191	0.38
1190	0.58
1189	0.41
1188	0.56
1187	0.91
1186	0.64
1185	0.61
1184	0.64
1183	0.36
1182	0.48
1181	0.38
1180	0.46
1179	0.81
1178	0.74
1177	0.53
1176	0.43
1175	1.22
1174	0.66
1173	0.25
1172	0.3
1171	0.38
1170	0.3
1169	0.48
1168	0.36
1167	0.58
1166	0.38
1165	0.33
1164	0.56
1163	0.38
1162	0.3
1161	0.71
1160	0.48
1159	0.53
1158	0.76
1157	1.14
1156	0.58
1155	0.53
1154	1.37
1153	0.99
1152	0.53
1151	0.61
1150	0.51
1149	0.58
1148	0.33
1147	0.53
1146	0.84
1145	0.61
1144	0.56
1143	0.56
1142	0.69
1141	0.53
1140	0.84
1139	0.86
1138	0.64
1137	0.84
1136	0.51
1135	0.46
1134	0.46
1133	0.69
1132	0.56
1131	1.3
1130	0.99
1129	1.09
1128	0.46
1127	0.79
1126	0.69
1125	0.64
1124	0.71
1123	0.48
1122	0.64
1121	0.61
1120	0.51
1119	0.41
1118	0.76
1117	0.71
1116	0.36
1115	0.66
1114	0.51
1113	0.58
1112	0.56
1111	0.58
1110	0.81
1109	0.58
1108	0.89
1107	0.76
1106	0.33
1105	0.28
1104	0.46
1103	0.51
1102	0.46
1101	0.53
1100	0.53
1099	0.76
1098	0.53
1097	0.76
1096	0.64
1095	0.94
1094	0.61
1093	0.46
1092	1.07
1091	0.61
1090	0.69
1089	0.64
1088	0.51
1087	0.64
1086	0.58
1085	0.69
1084	0.51
1083	0.43
1082	0.53
1081	0.61
1080	0.38
1079	0.43
1078	0.43
1077	0.46
1076	0.53
1075	0.69
1074	0.51
1073	0.51
1072	0.38
1071	0.46
1070	0.43
1069	0.56
1068	0.43
1067	0.53
1066	0.51
1065	0.64
1064	0.48
1063	0.43
1062	0.51
1061	0.69
1060	0.51
1059	0.58
1058	0.51
1057	0.69
1056	0.51
1055	0.84
1054	0.61
1053	0.66
1052	0.58
1051	0.84
1050	0.81
1049	1.52
1048	0.99
1047	0.53
1046	0.69
1045	0.64
1044	1.09
1043	0.81
1042	0.71
1041	0.86
1040	1.22
1039	0.84
1038	2.92
1037	0.81
1036	0.76
1035	0.69
1034	0.79
1033	0.43
1032	0.71
1031	0.61
1030	0.48
1029	0.61
1028	0.51
1027	0.76
1026	0.51
1025	0.91
1024	0.86
1023	0.36
1022	0.43
1021	1.02
1020	0.97
1019	0.89
1018	0.79
1017	0.53
1016	0.36
1015	0.38
1014	0.66
1013	0.43
1012	0.81
1011	1.14
1010	1.52
1009	1.07
1008	1.3
1007	1.4
1006	0.71
1005	0.36
1004	0.89
1003	0.69
1002	0.86
1001	0.58
1000	0.66
999	0.53
998	0.53
997	0.66
996	0.64
995	0.64
994	0.56
993	0.56
992	0.48
991	0.46
990	0.58
989	0.53
988	0.64
987	0.56
986	0.71
985	1.07
984	0.86
983	0.91
982	0.99
981	0.43
980	0.41
979	0.48
978	0.38
977	0.41
976	0.74
975	0.56
974	0.51
973	0.53
972	0.56
971	0.64
970	0.69
969	0.76
968	0.38
967	0.69
966	0.81
965	0.86
964	0.97
963	0.97
962	2.31
961	1.68
960	2.13
959	0.76
958	0.58
957	0.97
956	0.69
955	0.46
954	0.79
953	0.46
952	0.56
951	0.36
950	0.43
949	0.58
948	0.51
947	0.64
946	0.69
945	0.69
944	0.61
943	0.69
942	0.58
941	0.66
940	1.24
939	0.76
938	0.64
937	0.61
936	0.71
935	0.79
934	0.81
933	0.71
932	0.74
931	0.53
930	0.69
929	0.66
928	0.56
927	0.69
926	0.84
925	0.53
924	0.66
923	0.81
922	1.07
921	0.74
920	0.61
919	0.69
918	0.46
917	0.69
916	0.69
915	0.66
914	0.48
913	1.17
912	0.81
911	0.61
910	0.84
909	0.79
908	1.65
907	1.88
906	0.79
905	0.89
904	0.74
903	0.64
902	0.81
901	0.66
900	0.48
899	0.64
898	0.61
897	0.84
896	0.76
895	0.89
894	0.79
893	1.42
892	0.94
891	0.89
890	1.12
889	0.69
888	0.71
887	0.79
886	0.89
885	0.97
884	0.48
883	0.56
882	0.97
881	0.79
880	0.58
879	0.58
878	0.56
877	0.53
876	0.66
875	0.43
874	0.69
873	0.58
872	1.02
871	0.86
870	0.74
869	0.48
868	0.58
867	0.51
866	0.71
865	0.51
864	0.58
863	0.48
862	0.61
861	0.43
860	0.36
859	0.71
858	0.69
857	0.61
856	0.76
855	1.42
854	0.71
853	0.69
852	0.56
851	0.58
850	0.41
849	0.51
848	0.56
847	0.94
846	1.17
845	0.94
844	1.14
843	0.64
842	1.09
841	0.97
840	1.07
839	1.04
838	1.78
837	1.42
836	0.79
835	1.04
834	2.11
833	1.57
832	1.02
831	0.97
830	0.56
829	0.64
828	0.61
827	0.71
826	1.24
825	1.09
824	0.97
823	1.14
822	0.66
821	1.04
820	1.02
819	0.84
818	0.86
817	0.64
816	0.58
815	0.58
814	0.84
813	0.74
812	0.56
811	0.97
810	0.94
809	0.97
808	0.64
807	1.83
806	1.04
805	0.66
804	0.91
803	1.02
802	1.42
801	1.4
800	1.3
799	1.02
798	0.71
797	0.76
796	0.74
795	0.76
794	0.71
793	0.81
792	0.66
791	0.84
790	0.61
789	0.69
788	0.79
787	1.32
786	0.89
785	0.91
784	0.84
783	1.09
782	0.58
781	0.79
780	0.53
779	0.64
778	0.66
777	0.74
776	0.99
775	0.56
774	0.69
773	0.74
772	0.38
771	0.74
770	0.64
769	0.74
768	0.71
767	0.69
766	0.69
765	0.74
764	0.64
763	0.71
762	0.71
761	0.81
760	0.74
759	1.6
758	0.74
757	0.76
756	0.71
755	0.71
754	0.66
753	0.84
752	0.86
751	0.53
750	0.48
749	0.69
748	0.79
747	0.94
746	0.94
745	1.65
744	1.3
743	1.88
742	1.04
741	0.79
740	0.74
739	0.51
738	0.81
737	0.56
736	1.09
735	0.61
734	0.76
733	0.71
732	0.74
731	0.86
730	1.09
729	0.97
728	0.71
727	0.94
726	0.58
725	0.51
724	0.89
723	0.99
722	1.24
721	0.56
720	0.76
719	0.71
718	0.74
717	0.66
716	0.79
715	0.76
714	0.76
713	0.86
712	1.09
711	0.81
710	0.89
709	0.81
708	1.07
707	0.51
706	0.91
705	1.07
704	1.17
703	1.12
702	0.76
701	1.22
700	1.17
699	0.56
698	0.99
697	0.66
696	0.58
695	0.84
694	0.58
693	0.86
692	0.69
691	0.53
690	0.69
689	0.84
688	0.94
687	1.07
686	1.19
685	0.71
684	1.19
683	0.91
682	1.47
681	0.99
680	0.97
679	0.94
678	0.81
677	1.02
676	1.09
675	1.04
674	0.74
673	1.19
672	0.94
671	1.12
670	0.84
669	0.81
668	1.17
667	0.81
666	0.69
665	0.89
664	0.66
663	0.89
662	0.79
661	0.86
660	1.02
659	0.71
658	0.81
657	0.76
656	1.02
655	1.07
654	1.3
653	1.07
652	1.3
651	0.61
650	0.71
649	0.76
648	0.94
647	0.91
646	0.74
645	0.76
644	0.91
643	0.66
642	0.89
641	0.66
640	0.84
639	0.56
638	0.79
637	0.86
636	0.58
635	0.66
634	0.81
633	0.61
632	0.56
631	0.91
630	1.12
629	0.84
628	0.91
627	0.74
626	0.74
625	0.64
624	0.74
623	0.71
622	0.51
621	0.99
620	0.41
619	0.53
618	1.02
617	1.14
616	0.74
615	0.74
614	0.36
613	0.61
612	0.53
611	0.89
610	1.09
609	0.99
608	1.35
607	0.86
606	1.45
605	1.09
604	0.86
603	1.24
602	0.56
601	0.58
600	0.61
599	0.56
598	0.69
597	0.69
596	0.64
595	0.64
594	0.51
593	0.76
592	0.66
591	0.61
590	1.91
589	2.39
588	1.42
587	0.81
586	0.94
585	0.91
584	0.89
583	0.71
582	0.61
581	0.81
580	0.53
579	0.69
578	0.48
577	0.71
576	0.69
575	0.76
574	0.58
573	1.32
572	0.76
571	0.66
570	0.61
569	0.61
568	0.89
567	0.64
566	0.66
565	0.58
564	0.61
563	0.64
562	0.58
561	0.38
560	0.61
559	0.64
558	0.64
557	0.51
556	0.58
555	0.58
554	0.64
553	0.46
552	0.58
551	0.53
550	0.48
549	0.46
548	0.51
547	0.51
546	0.69
545	0.79
544	0.61
543	0.74
542	1.07
541	0.51
540	1.02
539	1.19
538	1.14
537	0.94
536	0.66
535	1.35
534	1.91
533	0.91
532	0.97
531	0.66
530	1.12
529	0.91
528	0.43
527	0.58
526	0.71
525	0.53
524	0.48
523	1.19
522	0.76
521	0.94
520	0.81
519	0.64
518	1.02
517	1.32
516	1.98
515	0.76
514	0.71
513	0.56
512	0.81
511	0.51
510	0.48
509	0.74
508	0.79
507	0.91
506	0.66
505	0.81
504	0.86
503	1.02
502	0.97
501	0.94
500	0.89
499	0.76
498	0.69
497	0.58
496	0.61
495	0.94
494	0.79
493	0.69
492	0.86
491	0.74
490	0.48
489	1.09
488	0.71
487	0.64
486	0.58
485	0.66
484	0.53
483	0.56
482	0.56
481	0.48
480	0.71
479	0.56
478	0.97
477	0.89
476	0.84
475	0.81
474	1.04
473	1.3
472	0.51
471	0.71
470	0.86
469	0.58
468	0.58
467	0.79
466	0.74
465	0.94
464	0.74
463	0.79
462	0.61
461	1.27
460	0.71
459	0.76
458	0.71
457	0.69
456	1.07
455	1.09
454	1.24
453	0.71
452	0.79
451	0.66
450	0.89
449	0.79
448	0.61
447	0.86
446	1.09
445	0.89
444	0.81
443	0.91
442	2.31
441	0.81
440	0.94
439	2.11
438	1.96
437	0.81
436	0.69
435	0.74
434	1.04
433	1.24
432	1.27
431	1.17
430	1.04
429	0.71
428	0.71
427	0.48
426	0.58
425	0.79
424	0.76
423	0.79
422	0.81
421	0.71
420	0.69
419	0.79
418	0.86
417	0.71
416	0.64
415	0.76
414	0.94
413	0.84
412	0.66
411	1.19
410	0.86
409	1.09
408	1.27
407	0.64
406	0.69
405	0.91
404	0.64
403	0.51
402	0.46
401	0.61
400	1.14
399	0.89
398	0.99
397	1.14
396	1.12
395	0.81
394	1.12
393	1.47
392	0.53
391	0.48
390	0.97
389	1.35
388	2.34
387	0.99
386	0.74
385	0.74
384	0.56
383	0.84
382	0.91
381	0.51
380	0.61
379	0.71
378	0.84
377	0.89
376	0.61
375	0.53
374	0.69
373	0.53
372	0.61
371	0.79
370	0.61
369	0.69
368	0.56
367	0.61
366	0.71
365	0.64
364	0.74
363	0.69
362	0.76
361	0.76
360	0.71
359	0.99
358	0.79
357	1.22
356	1.4
355	1.09
354	0.56
353	0.66
352	0.56
351	0.64
350	0.74
349	1.22
348	1.19
347	1.19
346	0.64
345	0.79
344	1.09
343	1.27
342	0.91
341	0.79
340	1.14
339	1.09
338	1.14
337	0.56
336	0.66
335	0.64
334	0.56
333	0.64
332	0.69
331	0.74
330	0.74
329	0.74
328	0.84
327	0.56
326	0.56
325	0.61
324	0.66
323	0.56
322	0.71
321	0.69
320	0.51
319	0.33
318	0.69
317	0.41
316	0.61
315	0.56
314	0.53
313	0.91
312	0.56
311	0.58
310	0.58
309	0.56
308	0.81
307	0.61
306	0.69
305	0.53
304	0.48
303	0.71
302	0.89
301	0.81
300	0.71
299	0.58
298	0.86
297	0.74
296	1.17
295	0.91
294	0.89
293	0.71
292	0.84
291	0.56
290	0.74
289	1.12
288	0.66
287	0.69
286	0.76
285	0.76
284	1.02
283	0.84
282	0.56
281	0.71
280	0.79
279	0.64
278	0.53
277	0.69
276	1.3
275	0.94
274	1.27
273	0.74
272	0.66
271	0.86
270	0.81
269	0.64
268	0.84
267	0.66
266	0.43
265	0.64
264	0.56
263	0.46
262	0.46
261	0.66
260	0.53
259	0.91
258	1.02
257	0.76
256	0.81
255	0.61
254	0.99
253	0.89
252	0.58
251	0.64
250	0.51
249	0.69
248	0.61
247	0.64
246	0.61
245	1.45
244	0.71
243	0.86
242	0.76
241	1.02
240	0.33
239	0.53
238	0.84
237	0.74
236	0.86
235	0.91
234	0.76
233	0.84
232	0.64
231	0.53
230	0.36
229	0.56
228	0.36
227	0.79
226	0.66
225	1.17
224	1.3
223	0.91
222	1.22
221	0.89
220	0.84
219	0.74
218	0.56
217	0.89
216	0.69
215	0.66
214	0.81
213	0.74
212	0.64
211	1.19
210	0.89
209	0.56
208	0.71
207	0.74
206	0.53
205	0.97
204	0.61
203	0.61
202	0.43
201	0.56
200	0.48
199	0.48
198	0.71
197	0.84
196	0.89
195	0.51
194	0.51
193	1.02
192	0.61
191	0.56
190	0.51
189	0.46
188	0.56
187	0.46
186	0.36
185	0.97
184	0.69
183	1.17
182	1.5
181	0.56
180	0.84
179	0.64
178	0.71
177	0.86
176	0.79
175	1.04
174	0.97
173	1.42
172	0.69
171	0.58
170	0.86
169	1.17
168	0.81
167	0.97
166	1.12
165	0.91
164	0.43
163	1.17
162	1.63
161	1.93
160	1.04
159	1.04
158	0.69
157	0.58
156	1.07
155	1.17
154	1.32
153	1.14
152	1.47
151	0.79
150	1.09
149	1.17
148	1.02
147	0.61
146	1.09
145	2.24
144	0.46
143	0.46
142	0.61
141	0.64
140	0.64
139	0.64
138	0.79
137	0.33
136	0.58
135	0.46
134	0.76
133	0.71
132	0.69
131	0.74
130	1.45
129	0.51
128	0.71
127	0.66
126	0.61
125	0.48
124	0.56
123	0.66
122	0.53
121	1.12
120	0.51
119	0.64
118	0.76
117	0.81
116	0.89
115	0.51
114	0.51
113	0.84
112	0.71
111	0.84
110	0.76
109	0.76
108	0.71
107	0.71
106	0.76
105	0.81
104	0.56
103	0.64
102	0.79
101	0.53
100	0.53
99	0.79
98	1.52
97	1.57
96	0.56
95	0.69
94	0.53
93	0.71
92	1.37
91	0.74
90	0.61
89	0.89
88	0.86
87	1.19
86	0.64
85	0.36
84	0.69
83	0.48
82	0.89
81	0.84
80	0.61
79	0.61
78	1.09
77	1.14
76	1.68
75	1.17
74	1.12
73	0.51
72	0.58
71	0.71
70	0.99
69	0.61
68	0.53
67	1.42
66	0.89
65	1.07
64	0.81
63	0.86
62	0.89
61	0.89
60	0.86
59	0.84
58	1.07
57	1.19
56	1.52
55	1.91
54	2.13
53	1.52
52	2.01
51	1.24
50	0.84
49	0.76
48	1.22
47	0.71
46	0.84
45	0.61
44	0.61
43	0.61
42	0.71
41	0.81
40	0.61
39	0.69
38	0.43
37	0.56
36	0.74
35	0.53
34	0.71
33	0.74
32	0.94
31	0.74
30	0.51
29	0.84
28	0.81
27	0.71
26	0.86
25	1.07
24	0.71
23	0.74
22	0.71
21	0.79
20	0.84
19	0.61
18	0.94
17	0.51
16	0.74
15	1.12
14	0.64
13	0.46
12	0.56
11	0.58
10	0.64
9	0.89
8	1.02
7	0.56
6	0.51
5	0.51
4	0.69
3	0.43
2	0.84
1	1.3
