# Archive/proxy
#	Ice core
#--------------------
# Contribution Date
#	Date: 2012-03-13 18:12:34
#--------------------
# Title
#	Study Name: B21  Ice core d18O
#--------------------
#	Investigators: 
#--------------------
# Description and Notes
#--------------------
# Publication
#	Citation: Schwager, Matthias
#	Journal Name: 
#	Published Title: Ice core analysis on the spatial and temporal variability of temperature and precipitation during the late Holocene in North Greenland
#	Published Date: 1999
#	DOI: 
#	Abstract: 
#----------------------
#	Science Keywords: PAGES 2k Network, PAGES Arctic 2k, Arctic 2k, temperature, annual resolution
#-------------------- 
# Site Name
#	Region: Greenland
#	Country: 
#	Northmost Latitude: 80
# 	Southmost Latitude: 80
# 	Eastmost Longitute: -41.1374
# 	Westmost Longitute: -41.1374
# 	Elevation: 
#------------------
# Data Collection  
#	Core Name: B21
#	First Year: 1397
#	Last Year: 1993
#	Time Unit: AD
#------------------
#  Searchable Controlled Keywords
#	>ice core>oxygen isotopes>delta 18O per mille 
#----------------
# Variables 
#	age_AD	Age (years AD)
#	d18OiceSMOW	delta18O ice (per mil SMOW)
# 
age_AD	d18OiceSMOW
NaN	NaN
1993	-31.29
1992	-33.45
1991	-32.73
1990	-34.92
1989	-32.65
1988	-33.59
1987	-30.3
1986	-33.29
1985	-30.32
1984	-34.4
1983	-34.35
1982	-33.15
1981	-32.05
1980	-33.08
1979	-35.56
1978	-34.72
1977	-35.17
1976	-33.55
1975	-33.78
1974	-34.89
1973	-32.2
1972	-33.09
1971	-32.67
1970	-35.32
1969	-33.46
1968	-33.19
1967	-32.54
1966	-32.75
1965	-34.63
1964	-33.77
1963	-33.98
1962	-34.48
1961	-33.77
1960	-33.43
1959	-32.98
1958	-32.23
1957	-32.55
1956	-34.35
1955	-34.51
1954	-35.21
1953	-39.05
1952	-37.09
1951	-34.91
1950	-35.55
1949	-35.18
1948	-35.48
1947	-37.64
1946	-35
1945	-33.89
1944	-35.25
1943	-36.15
1942	-35.54
1941	-34.15
1940	-34.39
1939	-35.7
1938	-36.8
1937	-34.97
1936	-32.62
1935	-31.98
1934	-32.12
1933	-31.76
1932	-33.3
1931	-33.88
1930	-33
1929	-33.64
1928	-34.43
1927	-33.12
1926	-31.63
1925	-33.64
1924	-33.83
1923	-33.69
1922	-34.49
1921	-35.18
1920	-36.89
1919	-37.55
1918	-37.33
1917	-36.21
1916	-35.03
1915	-32.89
1914	-32.03
1913	-31.79
1912	-34.32
1911	-34.03
1910	-34.9
1909	-33.46
1908	-34.19
1907	-32.46
1906	-33.06
1905	-34.66
1904	-35.48
1903	-35.49
1902	-34.79
1901	-32.73
1900	-33.83
1899	-34.18
1898	-34.1
1897	-34.67
1896	-33.47
1895	-32.53
1894	-33.32
1893	-32.81
1892	-32.88
1891	-33.86
1890	-32.15
1889	-32.42
1888	-35.36
1887	-36.32
1886	-34.36
1885	-34.26
1884	-34.42
1883	-34.26
1882	-34.37
1881	-33.39
1880	-32.13
1879	-33.63
1878	-33.78
1877	-32.99
1876	-33.23
1875	-32.17
1874	-31.76
1873	-31.3
1872	-30.98
1871	-33.58
1870	-34.89
1869	-36.89
1868	-38.33
1867	-35.77
1866	-32.9
1865	-32.25
1864	-34.5
1863	-36.44
1862	-36.38
1861	-34.9
1860	-34.38
1859	-33.36
1858	-32.22
1857	-32.47
1856	-33.91
1855	-34.05
1854	-35.06
1853	-35.17
1852	-34.05
1851	-33.88
1850	-34.12
1849	-34.29
1848	-36.54
1847	-37.58
1846	-35.41
1845	-33.08
1844	-33.72
1843	-34.52
1842	-35.42
1841	-35.7
1840	-34.69
1839	-33.56
1838	-34.38
1837	-34.27
1836	-32.59
1835	-33.32
1834	-35.52
1833	-35.12
1832	-34.99
1831	-34.99
1830	-34.03
1829	-34.72
1828	-35.25
1827	-32.61
1826	-31.2
1825	-31.22
1824	-33.25
1823	-34
1822	-34.7
1821	-35.88
1820	-35.95
1819	-36.79
1818	-36.82
1817	-35.74
1816	-35.57
1815	-37.18
1814	-38.07
1813	-38.64
1812	-37.59
1811	-34.81
1810	-34.3
1809	-35.43
1808	-36.14
1807	-37.98
1806	-35.98
1805	-33.64
1804	-33.76
1803	-33.77
1802	-34.56
1801	-34.6
1800	-33.97
1799	-33.62
1798	-34.16
1797	-35.15
1796	-35.36
1795	-35.39
1794	-34.94
1793	-34.99
1792	-34.42
1791	-33.58
1790	-32.88
1789	-34.15
1788	-33.87
1787	-32.99
1786	-34.45
1785	-34.83
1784	-34.04
1783	-34.44
1782	-34.73
1781	-33.85
1780	-32.25
1779	-33.85
1778	-34
1777	-34.11
1776	-34.82
1775	-35.13
1774	-34.68
1773	-34.15
1772	-33.15
1771	-32.57
1770	-32.72
1769	-32.8
1768	-33.31
1767	-34.57
1766	-35.54
1765	-36
1764	-36.18
1763	-36.74
1762	-35.11
1761	-32.93
1760	-32.95
1759	-34.28
1758	-33.73
1757	-33.5
1756	-34.12
1755	-34.22
1754	-34.59
1753	-32.98
1752	-32.73
1751	-33.11
1750	-34.4
1749	-35.5
1748	-35.65
1747	-35.38
1746	-34.67
1745	-33.68
1744	-32.52
1743	-32.25
1742	-32.33
1741	-35.17
1740	-34.04
1739	-32.48
1738	-34.07
1737	-35.48
1736	-35.56
1735	-35.13
1734	-34.54
1733	-34.39
1732	-34.25
1731	-34.12
1730	-34.04
1729	-34.23
1728	-35.41
1727	-35.92
1726	-33.49
1725	-33.85
1724	-35.28
1723	-34.17
1722	-33.17
1721	-32.56
1720	-34
1719	-35.61
1718	-35.55
1717	-34.53
1716	-35.27
1715	-36.94
1714	-34.57
1713	-34.47
1712	-34.75
1711	-35.22
1710	-34.6
1709	-33.51
1708	-34.92
1707	-37.1
1706	-33.3
1705	-33.76
1704	-35.07
1703	-35.09
1702	-33.29
1701	-32.67
1700	-32.49
1699	-32.85
1698	-32.99
1697	-32.97
1696	-32.52
1695	-34.17
1694	-35.91
1693	-37.73
1692	-38.83
1691	-37.43
1690	-35.45
1689	-35.27
1688	-35.85
1687	-35.29
1686	-34.74
1685	-33.28
1684	-33.41
1683	-34.71
1682	-34.73
1681	-35.42
1680	-35.61
1679	-35.84
1678	-35.25
1677	-35.29
1676	-36.21
1675	-36.87
1674	-36.02
1673	-35.59
1672	-35.85
1671	-36.29
1670	-37.21
1669	-37.73
1668	-36.08
1667	-35.92
1666	-35.7
1665	-34.38
1664	-34.5
1663	-35.3
1662	-34.11
1661	-33.81
1660	-34.27
1659	-34.78
1658	-35.21
1657	-35.58
1656	-35.83
1655	-35.28
1654	-35.13
1653	-35.04
1652	-35.57
1651	-34.8
1650	-33.6
1649	-35.25
1648	-35.23
1647	-35.06
1646	-33.82
1645	-31.9
1644	-32.53
1643	-33.27
1642	-34.74
1641	-35.93
1640	-36.29
1639	-35.46
1638	-35.27
1637	-35.17
1636	-35.02
1635	-34.77
1634	-33.79
1633	-33.54
1632	-34.24
1631	-34.68
1630	-33.86
1629	-33.45
1628	-34.3
1627	-35.71
1626	-36.56
1625	-36.6
1624	-36.87
1623	-35.84
1622	-33.92
1621	-33.59
1620	-34.06
1619	-34.05
1618	-34.25
1617	-34.09
1616	-33.57
1615	-33.66
1614	-33.88
1613	-34.09
1612	-34.54
1611	-34.6
1610	-34.31
1609	-33.57
1608	-32.92
1607	-34.51
1606	-35.5
1605	-34.83
1604	-34.47
1603	-34.92
1602	-34.65
1601	-34.63
1600	-34.79
1599	-35.92
1598	-36.24
1597	-34.56
1596	-33.61
1595	-33.84
1594	-34.12
1593	-36.49
1592	-35.55
1591	-33.68
1590	-34.93
1589	-35.93
1588	-34.93
1587	-35.03
1586	-33.78
1585	-34.29
1584	-35.59
1583	-35.58
1582	-35.87
1581	-37.74
1580	-38.61
1579	-37.13
1578	-34.91
1577	-34.69
1576	-35
1575	-35.27
1574	-35.65
1573	-35.3
1572	-35.38
1571	-35.45
1570	-34.3
1569	-33.07
1568	-32.72
1567	-33.62
1566	-34.2
1565	-35.25
1564	-34.91
1563	-33.43
1562	-32.87
1561	-33.16
1560	-32.93
1559	-33.25
1558	-34.65
1557	-34.84
1556	-34.14
1555	-34.66
1554	-36.23
1553	-36.73
1552	-36.05
1551	-35.17
1550	-34.85
1549	-34.82
1548	-34.13
1547	-33.78
1546	-33.51
1545	-32.87
1544	-33.27
1543	-34.51
1542	-35.42
1541	-35.67
1540	-35.93
1539	-35.75
1538	-34.58
1537	-34.24
1536	-33.76
1535	-33.89
1534	-33.55
1533	-34.17
1532	-34.89
1531	-34.08
1530	-32.88
1529	-32.38
1528	-32.3
1527	-32.96
1526	-34.54
1525	-35.36
1524	-34.34
1523	-32.81
1522	-32.79
1521	-33.56
1520	-34.1
1519	-33.46
1518	-34.6
1517	-35.42
1516	-35.02
1515	-35.17
1514	-36.29
1513	-36.68
1512	-36.41
1511	-35.16
1510	-33.78
1509	-32.93
1508	-32.72
1507	-34.01
1506	-34.73
1505	-34.7
1504	-34.73
1503	-34.04
1502	-34.29
1501	-33.6
1500	-33.02
1499	-33.13
1498	-34.53
1497	-36.13
1496	-36.02
1495	-34.32
1494	-33.77
1493	-33.23
1492	-33.07
1491	-34.22
1490	-35.26
1489	-35.45
1488	-35.16
1487	-34.93
1486	-35.79
1485	-35.72
1484	-35.09
1483	-34.44
1482	-34.06
1481	-33.9
1480	-35.93
1479	-36.03
1478	-34.73
1477	-33.85
1476	-33.72
1475	-33.96
1474	-35.01
1473	-36.01
1472	-36.46
1471	-35.1
1470	-34.42
1469	-35.14
1468	-35.03
1467	-35.13
1466	-34.94
1465	-34.25
1464	-34.72
1463	-35.01
1462	-35.76
1461	-35.82
1460	-35.71
1459	-36.06
1458	-35.94
1457	-35.78
1456	-35.2
1455	-33.92
1454	-32.98
1453	-32.69
1452	-33.1
1451	-32.96
1450	-34.41
1449	-35.08
1448	-34.33
1447	-33.03
1446	-33.67
1445	-34.69
1444	-33.41
1443	-34.08
1442	-34.7
1441	-34.72
1440	-34.33
1439	-33.6
1438	-32.63
1437	-33.52
1436	-35.11
1435	-34.4
1434	-33.55
1433	-32.95
1432	-32.82
1431	-32.35
1430	-31.85
1429	-32.68
1428	-32.84
1427	-32.45
1426	-32.76
1425	-33.09
1424	-32.83
1423	-32.7
1422	-33.4
1421	-34.19
1420	-34.4
1419	-34.06
1418	-33.31
1417	-31.6
1416	-30.67
1415	-34.01
1414	-35.55
1413	-34.93
1412	-34.09
1411	-33.99
1410	-33.84
1409	-33.87
1408	-32.99
1407	-33.46
1406	-34.28
1405	-34.8
1404	-34.73
1403	-35.08
1402	-35.84
1401	-36.09
1400	-35.68
1399	-35.08
1398	-33.71
1397	-33.64
