# Archive/proxy
#	Ice core
#--------------------
# Contribution Date
#	Date: 2012-03-13 18:13:32
#--------------------
# Title
#	Study Name: Renland  Ice core d18O
#--------------------
#	Investigators: 
#--------------------
# Description and Notes
#--------------------
# Publication
#	Citation: Vinther, B. M. and Clausen, H. B. and Fisher, D. A. and Koerner, R. M. and Johnsen, S. J. and Andersen, K. K. and Dahl-Jensen, D. and Rasmussen, S. O. and Steffensen, J. P. and Svensson, A. M.
#	Journal Name: Journal of Geophysical Research
#	Published Title: Synchronizing ice cores from the Renland and Agassiz ice caps to the Greenland Ice Core Chronology
#	Published Date: 2008
#	DOI: 10.1029/2007JD009143
#	Abstract: 
#----------------------
#	Science Keywords: PAGES 2k Network, PAGES Arctic 2k, Arctic 2k, temperature, decadal resolution
#-------------------- 
# Site Name
#	Region: Greenland
#	Country: 
#	Northmost Latitude: 71.27
# 	Southmost Latitude: 71.27
# 	Eastmost Longitute: -26.73
# 	Westmost Longitute: -26.73
# 	Elevation: 2350
#------------------
# Data Collection  
#	Core Name: Renland
#	First Year: 0
#	Last Year: 1980
#	Time Unit: AD
#------------------
#  Searchable Controlled Keywords
#	>ice core>oxygen isotopes>delta 18O per mille 
#----------------
# Variables 
#	age_AD	Age (years AD)
#	d18OiceSMOW	delta18O ice (per mil SMOW)
# 
age_AD	d18OiceSMOW
1982.5	-27.75
1977.5	-27.2
1972.5	-27.05
1967.5	-27.25
1962.5	-27.1
1957.5	-27.03
1952.5	-26.86
1947.5	-26.2
1942.5	-26.83
1937.5	-26.96
1932.5	-26.51
1927.5	-26.97
1922.5	-27.35
1917.5	-27.78
1912.5	-27.89
1907.5	-28.06
1902.5	-27.65
1897.5	-27.16
1892.5	-27.67
1887.5	-28.33
1882.5	-27.54
1877.5	-28.13
1872.5	-27.13
1867.5	-27.49
1862.5	-26.3
1857.5	-27.64
1852.5	-28.21
1847.5	-27.36
1842.5	-27.74
1837.5	-28.64
1832.5	-26.97
1827.5	-27.36
1822.5	-28.22
1817.5	-27.26
1812.5	-27.67
1807.5	-27.48
1802.5	-27.61
1797.5	-27.81
1792.5	-27.01
1787.5	-26.86
1782.5	-27.87
1777.5	-27.98
1772.5	-27.16
1767.5	-27.46
1762.5	-27.32
1757.5	-28.04
1752.5	-27.6
1747.5	-27.45
1742.5	-27.96
1737.5	-27.53
1732.5	-26.88
1727.5	-28.35
1722.5	-27.97
1717.5	-28.29
1712.5	-27.31
1707.5	-28.3
1702.5	-28.27
1697.5	-27.1
1692.5	-27.11
1687.5	-27.07
1682.5	-27
1677.5	-26.23
1672.5	-27.66
1667.5	-27.18
1662.5	-27.8
1657.5	-26.52
1652.5	-28.04
1647.5	-27.62
1642.5	-27.21
1637.5	-27.9
1632.5	-28.03
1627.5	-27.35
1622.5	-27.28
1617.5	-26.99
1612.5	-27.55
1607.5	-28.26
1602.5	-27.47
1597.5	-27.52
1592.5	-27.16
1587.5	-27.61
1582.5	-27.06
1577.5	-27.85
1572.5	-27.76
1567.5	-27.66
1562.5	-27.21
1557.5	-27.07
1552.5	-27.23
1547.5	-26.65
1542.5	-27.47
1537.5	-26.77
1532.5	-27.82
1527.5	-26.36
1522.5	-27.26
1517.5	-27.99
1512.5	-27.62
1507.5	-27.35
1502.5	-27.01
1497.5	-27.65
1492.5	-26.52
1487.5	-26.79
1482.5	-28.31
1477.5	-27.14
1472.5	-27.06
1467.5	-27.42
1462.5	-28.44
1457.5	-25.98
1452.5	-26.51
1447.5	-27.54
1442.5	-26.73
1437.5	-27.12
1432.5	-28.13
1427.5	-27.45
1422.5	-27.67
1417.5	-26.5
1412.5	-26.35
1407.5	-26.71
1402.5	-27.32
1397.5	-26.33
1392.5	-27.15
1387.5	-26.48
1382.5	-27.05
1377.5	-26.78
1372.5	-28.44
1367.5	-27.71
1362.5	-27.42
1357.5	-27.55
1352.5	-27.17
1347.5	-28.48
1342.5	-27.51
1337.5	-27.49
1332.5	-26.75
1327.5	-25.95
1322.5	-27.88
1317.5	-26.68
1312.5	-27.44
1307.5	-26.89
1302.5	-27.71
1297.5	-28.03
1292.5	-27.41
1287.5	-27.62
1282.5	-27.78
1277.5	-26.82
1272.5	-27.23
1267.5	-27.32
1262.5	-28.63
1257.5	-27.4
1252.5	-28.46
1247.5	-27.79
1242.5	-27.58
1237.5	-27.02
1232.5	-26.97
1227.5	-28.12
1222.5	-27.16
1217.5	-27.3
1212.5	-26.68
1207.5	-26.49
1202.5	-27.45
1197.5	-27.82
1192.5	-27.18
1187.5	-27.48
1182.5	-27.54
1177.5	-26.64
1172.5	-27.65
1167.5	-25.73
1162.5	-26.16
1157.5	-27.45
1152.5	-27.48
1147.5	-27.13
1142.5	-26.78
1137.5	-27.13
1132.5	-27.19
1127.5	-27.53
1122.5	-27.99
1117.5	-27.18
1112.5	-27.06
1107.5	-27.04
1102.5	-27.16
1097.5	-27.01
1092.5	-27.51
1087.5	-27.65
1082.5	-27.48
1077.5	-27.02
1072.5	-27.83
1067.5	-28.1
1062.5	-28.09
1057.5	-27.65
1052.5	-27.53
1047.5	-27.03
1042.5	-27.2
1037.5	-27.06
1032.5	-26.97
1027.5	-27.41
1022.5	-28.25
1017.5	-27.25
1012.5	-27.95
1007.5	-27.4
1002.5	-25.97
997.5	-26.92
992.5	-27.45
987.5	-27.46
982.5	-26.78
977.5	-26.67
972.5	-26.72
967.5	-27
962.5	-26.84
957.5	-27.53
952.5	-26.98
947.5	-26.81
942.5	-27.86
937.5	-26.73
932.5	-27.79
927.5	-27.15
922.5	-26.96
917.5	-27.29
912.5	-28.23
907.5	-27.58
902.5	-26.44
897.5	-27.44
892.5	-26.43
887.5	-27.43
882.5	-26.36
877.5	-27.5
872.5	-26.67
867.5	-26.93
862.5	-27.18
857.5	-26.66
852.5	-27.64
847.5	-27.34
842.5	-26.48
837.5	-26.37
832.5	-27.58
827.5	-26.7
822.5	-26.97
817.5	-27.49
812.5	-26.99
807.5	-28.14
802.5	-27.46
797.5	-28.38
792.5	-27.68
787.5	-27.35
782.5	-28.11
777.5	-27.03
772.5	-25.95
767.5	-26.74
762.5	-26.32
757.5	-26.76
752.5	-27.12
747.5	-26.7
742.5	-27.24
737.5	-27.11
732.5	-27.83
727.5	-26.03
722.5	-27.83
717.5	-27.14
712.5	-27.57
707.5	-27.56
702.5	-27.41
697.5	-27.61
692.5	-27.3
687.5	-28.2
682.5	-27.57
677.5	-26.94
672.5	-27.13
667.5	-28.22
662.5	-26.84
657.5	-27.16
652.5	-27.61
647.5	-27.52
642.5	-27.82
637.5	-27.01
632.5	-26.8
627.5	-26.85
622.5	-27.62
617.5	-27.41
612.5	-26.86
607.5	-27.47
602.5	-27.41
597.5	-27.26
592.5	-27.28
587.5	-28.07
582.5	-27.24
577.5	-27.18
572.5	-27.56
567.5	-26.31
562.5	-27.03
557.5	-26.83
552.5	-26.92
547.5	-26.4
542.5	-27.44
537.5	-27.25
532.5	-27.08
527.5	-27.62
522.5	-27.12
517.5	-27.33
512.5	-26.87
507.5	-26.82
502.5	-26.84
497.5	-26.13
492.5	-27.41
487.5	-27.14
482.5	-28.14
477.5	-27.83
472.5	-28.38
467.5	-27.85
462.5	-27.37
457.5	-26.87
452.5	-26.58
447.5	-27.07
442.5	-27.36
437.5	-26.73
432.5	-26.59
427.5	-26.59
422.5	-26.92
417.5	-25.83
412.5	-26.56
407.5	-27.05
402.5	-26.37
397.5	-27.19
392.5	-26.72
387.5	-26.85
382.5	-27.67
377.5	-27.03
372.5	-27.24
367.5	-27.07
362.5	-27.69
357.5	-27.7
352.5	-27.11
347.5	-27.69
342.5	-26.53
337.5	-26.75
332.5	-27.13
327.5	-26.51
322.5	-27.05
317.5	-27.21
312.5	-28.15
307.5	-28.22
302.5	-27.34
297.5	-26.32
292.5	-26.69
287.5	-27.01
282.5	-27.14
277.5	-27.06
272.5	-28.52
267.5	-27.65
262.5	-27.12
257.5	-27.3
252.5	-26.73
247.5	-27.3
242.5	-27.99
237.5	-27.32
232.5	-27.25
227.5	-27.83
222.5	-28.1
217.5	-27.68
212.5	-27.34
207.5	-27.41
202.5	-27.56
197.5	-26.91
192.5	-27.03
187.5	-27.17
182.5	-28.61
177.5	-27.01
172.5	-27.01
167.5	-27.98
162.5	-25.54
157.5	-27.08
152.5	-27.44
147.5	-26.82
142.5	-27.67
137.5	-26.04
132.5	-26.71
127.5	-26.87
122.5	-26.5
117.5	-27.04
112.5	-27.12
107.5	-27.32
102.5	-27.86
97.5	-27.36
92.5	-27.37
87.5	-28.29
82.5	-27.9
77.5	-26.68
72.5	-26.39
67.5	-26.27
62.5	-27.92
57.5	-27.23
52.5	-26.78
47.5	-26.91
42.5	-27.41
37.5	-26.62
32.5	-26.85
27.5	-27.6
22.5	-27.77
17.5	-26.52
12.5	-26.14
7.5	-27.77
2.5	-27.4
