# Archive/proxy
#	Ice core
#--------------------
# Contribution Date
#	Date: 2012-03-13 18:14:11
#--------------------
# Title
#	Study Name: Dye-3  Ice core d18O
#--------------------
#	Investigators: 
#--------------------
# Description and Notes
#--------------------
# Publication
#	Citation: Vinther, B.M. and Jones, P.D. and Briffa, K.R. and Clausen, H.B. and Andersen, K.K. and Dahl-Jensen, D. and Johnsen, S.J.
#	Journal Name: Quaternary Science Reviews
#	Published Title: Climatic signals in multiple highly resolved stable isotope records from Greenland
#	Published Date: 2010
#	DOI: 10.1016/j.quascirev.2009.11.002
#	Abstract: 
#----------------------
#	Science Keywords: PAGES 2k Network, PAGES Arctic 2k, Arctic 2k, temperature, annual resolution
#-------------------- 
# Site Name
#	Region: Greenland
#	Country: 
#	Northmost Latitude: 65.18
# 	Southmost Latitude: 65.18
# 	Eastmost Longitute: -43.83
# 	Westmost Longitute: -43.83
# 	Elevation: 2480
#------------------
# Data Collection  
#	Core Name: Dye-3
#	First Year: 1
#	Last Year: 1979
#	Time Unit: AD
#------------------
#  Searchable Controlled Keywords
#	>ice core>oxygen isotopes>delta 18O per mille 
#----------------
# Variables 
#	age_AD	Age (years AD)
#	d18OiceSMOW	delta18O ice (per mil SMOW)
# 
age_AD	d18OiceSMOW
1979	NaN
1978	-28.9
1977	-27.79
1976	-29.15
1975	-29
1974	-29.42
1973	-28.57
1972	-27.97
1971	-27.85
1970	-27.34
1969	-28.74
1968	-29.95
1967	-29.57
1966	-27.35
1965	-28.65
1964	-28
1963	-27.01
1962	-28.33
1961	-27.25
1960	-27.23
1959	-28.19
1958	-27.9
1957	-29.14
1956	-28.5
1955	-28.37
1954	-27.09
1953	-27.23
1952	-28.88
1951	-28.93
1950	-28.84
1949	-28.36
1948	-27.89
1947	-26.55
1946	-27.91
1945	-29.6
1944	-28.42
1943	-29.21
1942	-28.12
1941	-29.69
1940	-26.6
1939	-30.6
1938	-28.99
1937	-29.2
1936	-28.09
1935	-28.23
1934	-27.7
1933	-30.28
1932	-27.83
1931	-28.66
1930	-29.27
1929	-28.59
1928	-27.95
1927	-30.32
1926	-28.35
1925	-30.08
1924	-28.64
1923	-27.83
1922	-28.88
1921	-29.85
1920	-29.08
1919	-31.53
1918	-29.62
1917	-26.43
1916	-28.27
1915	-29.91
1914	-30.05
1913	-29.23
1912	-28.91
1911	-29.9
1910	-29.84
1909	-28.42
1908	-29.55
1907	-30.46
1906	-30.1
1905	-29.07
1904	-28.2
1903	-29.2
1902	-28.29
1901	-29.53
1900	-31.14
1899	-28.07
1898	-30.18
1897	-29.82
1896	-29.54
1895	-26.4
1894	-29.19
1893	-27.87
1892	-29.38
1891	-29.9
1890	-28.37
1889	-28.24
1888	-28.79
1887	-26.46
1886	-28.67
1885	-28.8
1884	-29.44
1883	-30.09
1882	-29.26
1881	-27.06
1880	-30.29
1879	-27.68
1878	-29
1877	-28.77
1876	-27.87
1875	-28.47
1874	-31.05
1873	-29.42
1872	-29.04
1871	-27.43
1870	-27.8
1869	-29.88
1868	-29.63
1867	-30.05
1866	-30.29
1865	-29.89
1864	-31.57
1863	-30.47
1862	-28.47
1861	-28.3
1860	-29.93
1859	-30.29
1858	-29.74
1857	-29.48
1856	-27.32
1855	-29.14
1854	-29.38
1853	-28.12
1852	-28.2
1851	-28.7
1850	-27.82
1849	-28.96
1848	-29.95
1847	-26.34
1846	-28.28
1845	-28.82
1844	-31.03
1843	-29.04
1842	-30.07
1841	-29.66
1840	-29.11
1839	-28.08
1838	-28.42
1837	-31.24
1836	-29
1835	-31.32
1834	-30.09
1833	-30.67
1832	-28.31
1831	-28.71
1830	-27.73
1829	-28.83
1828	-27.38
1827	-28.55
1826	-28.9
1825	-28.73
1824	-28.96
1823	-29.58
1822	-29.24
1821	-29.9
1820	-29.06
1819	-29.98
1818	-31.91
1817	-28.75
1816	-27.75
1815	-28.4
1814	-30.12
1813	-32.53
1812	-28.29
1811	-28.52
1810	-29.33
1809	-27.55
1808	-27.76
1807	-27.39
1806	-27.35
1805	-27.5
1804	-28.42
1803	-29.97
1802	-27.75
1801	-28.46
1800	-27.13
1799	-28.67
1798	-29.82
1797	-27.52
1796	-28.62
1795	-28.42
1794	-31.28
1793	-31.35
1792	-28.02
1791	-28.26
1790	-27.57
1789	-28.71
1788	-28.61
1787	-26.95
1786	-27.9
1785	-27.86
1784	-27.12
1783	-29.75
1782	-30.32
1781	-31.84
1780	-28.57
1779	-29.48
1778	-30.4
1777	-29.15
1776	-28.41
1775	-27.94
1774	-30.5
1773	-28.64
1772	-28.37
1771	-29.84
1770	-28.54
1769	-27.4
1768	-28.55
1767	-29.34
1766	-28.8
1765	-29.54
1764	-30.76
1763	-28.2
1762	-28.64
1761	-31.48
1760	-28.74
1759	-29.59
1758	-29.6
1757	-29.06
1756	-29.65
1755	-30.56
1754	-31.05
1753	-27.11
1752	-27.49
1751	-28.28
1750	-28.11
1749	-28.05
1748	-26.9
1747	-30.19
1746	-30.16
1745	-28.43
1744	-28.74
1743	-29.2
1742	-28.57
1741	-27.54
1740	-27.02
1739	-29.2
1738	-30.63
1737	-30.75
1736	-28.73
1735	-29.78
1734	-30.2
1733	-27.79
1732	-26.95
1731	-27.7
1730	-26.84
1729	-28.51
1728	-28.69
1727	-27.96
1726	-29.01
1725	-28.74
1724	-29.05
1723	-30.78
1722	-29.66
1721	-29.93
1720	-29.47
1719	-28.49
1718	-29.01
1717	-28.29
1716	-28.4
1715	-28.48
1714	-29.01
1713	-29.17
1712	-28.29
1711	-27.89
1710	-27.49
1709	-29.2
1708	-29.39
1707	-29.31
1706	-30.13
1705	-29.98
1704	-28.9
1703	-28.84
1702	-27.67
1701	-29.46
1700	-30.83
1699	-30.58
1698	-29.32
1697	-28.55
1696	-29.63
1695	-27.43
1694	-29.43
1693	-28.73
1692	-25.21
1691	-27.47
1690	-30.03
1689	-29.18
1688	-28.58
1687	-28.89
1686	-31.46
1685	-29.25
1684	-26.95
1683	-28.4
1682	-30.74
1681	-29.36
1680	-27.59
1679	-28.24
1678	-27.78
1677	-28.41
1676	-29.21
1675	-28.86
1674	-27.64
1673	-28.73
1672	-29.25
1671	-29.43
1670	-28.89
1669	-29.06
1668	-29.47
1667	-26.62
1666	-27.51
1665	-28.03
1664	-27.42
1663	-28.52
1662	-28.26
1661	-28.37
1660	-27.93
1659	-29.58
1658	-28.65
1657	-27.38
1656	-26.82
1655	-28.41
1654	-28.83
1653	-28.29
1652	-26.95
1651	-29.74
1650	-29.51
1649	-27.68
1648	-28.58
1647	-28.88
1646	-29.39
1645	-30.2
1644	-29.35
1643	-30.43
1642	-31.14
1641	-28.22
1640	-28.47
1639	-27.52
1638	-29.55
1637	-30.31
1636	-30.98
1635	-28.5
1634	-29.78
1633	-30.05
1632	-29.6
1631	-29.67
1630	-29.15
1629	-30.36
1628	-29.73
1627	-30.53
1626	-28.56
1625	-27.01
1624	-27.74
1623	-29.96
1622	-28.38
1621	-29.65
1620	-29.6
1619	-30.05
1618	-29.59
1617	-29.12
1616	-27.79
1615	-29.99
1614	-29.55
1613	-28.06
1612	-30.3
1611	-28.59
1610	-30.08
1609	-29.89
1608	-28.69
1607	-28
1606	-28.85
1605	-28.85
1604	-30.11
1603	-28.72
1602	-28.29
1601	-29.13
1600	-27.79
1599	-29.87
1598	-29.15
1597	-28.73
1596	-27.04
1595	-27.12
1594	-27.43
1593	-30.12
1592	-29.25
1591	-29.76
1590	-29.41
1589	-28.87
1588	-28.38
1587	-26.24
1586	-29.35
1585	-27.73
1584	-28.28
1583	-28.74
1582	-30.45
1581	-28.99
1580	-27.82
1579	-27.73
1578	-28.79
1577	-28.29
1576	-28.31
1575	-29.52
1574	-29.25
1573	-31.27
1572	-31.39
1571	-29.79
1570	-27.39
1569	-27.94
1568	-28.01
1567	-28.01
1566	-29.04
1565	-29.39
1564	-28.68
1563	-28.76
1562	-29.99
1561	-30.15
1560	-28.81
1559	-31.75
1558	-30.49
1557	-29.89
1556	-29.57
1555	-27.07
1554	-26.93
1553	-28.02
1552	-27.45
1551	-28.36
1550	-30.65
1549	-28.31
1548	-28.28
1547	-28.65
1546	-30.71
1545	-31.5
1544	-29.11
1543	-28.82
1542	-28.69
1541	-29.36
1540	-30.8
1539	-29.6
1538	-28.39
1537	-29.15
1536	-30.95
1535	-30.68
1534	-30.06
1533	-28.34
1532	-29.23
1531	-28.94
1530	-28.37
1529	-28.53
1528	-30.14
1527	-29.17
1526	-31.14
1525	-32.28
1524	-30.7
1523	-29.76
1522	-29.39
1521	-29.06
1520	-31.9
1519	-28.73
1518	-28.91
1517	-29.19
1516	-29.12
1515	-29.53
1514	-29.34
1513	-28.76
1512	-28.88
1511	-28.76
1510	-28.12
1509	-30
1508	-30.86
1507	-27.86
1506	-28.29
1505	-28.87
1504	-26.66
1503	-29.86
1502	-28.55
1501	-28.34
1500	-30.33
1499	-28.91
1498	-27.3
1497	-29.1
1496	-28.83
1495	-27.02
1494	-29.9
1493	-30.08
1492	-28.28
1491	-27.85
1490	-28.93
1489	-29.4
1488	-26.96
1487	-28.17
1486	-28.44
1485	-28.95
1484	-29.18
1483	-29.28
1482	-30.29
1481	-28.35
1480	-28.1
1479	-29.15
1478	-28.7
1477	-31.5
1476	-29.04
1475	-27.74
1474	-29.79
1473	-31.65
1472	-28.24
1471	-28.2
1470	-27.77
1469	-31.5
1468	-28.53
1467	-31.52
1466	-30.53
1465	-29.16
1464	-30.39
1463	-29.54
1462	-28.33
1461	-31.43
1460	-29.72
1459	-29.71
1458	-27.98
1457	-27.68
1456	-29.69
1455	-30.45
1454	-30.77
1453	-29.2
1452	-30.02
1451	-28.68
1450	-31.79
1449	-28.57
1448	-28.28
1447	-28.42
1446	-29.35
1445	-29.26
1444	-28.55
1443	-27.86
1442	-29.41
1441	-30.22
1440	-30.81
1439	-28
1438	-28.51
1437	-27.9
1436	-28.69
1435	-28.76
1434	-30.32
1433	-30.21
1432	-26.3
1431	-30.2
1430	-28.68
1429	-29.16
1428	-30.64
1427	-28.98
1426	-30.55
1425	-29.2
1424	-28.8
1423	-28.09
1422	-30.02
1421	-29.21
1420	-29.05
1419	-28.09
1418	-28.49
1417	-29.9
1416	-28.57
1415	-29.86
1414	-27.85
1413	-29.43
1412	-29.58
1411	-28.06
1410	-29.1
1409	-29.9
1408	-28.44
1407	-30.44
1406	-28.7
1405	-30.08
1404	-30.04
1403	-28.77
1402	-30.08
1401	-28.89
1400	-29.1
1399	-27.79
1398	-28.69
1397	-27.91
1396	-26.42
1395	-28.64
1394	-27.89
1393	-28.83
1392	-28.55
1391	-27.21
1390	-28.25
1389	-27.53
1388	-28.47
1387	-28.71
1386	-29.67
1385	-27.78
1384	-28.57
1383	-28.8
1382	-30.34
1381	-27.35
1380	-29.17
1379	-29.33
1378	-29.07
1377	-30.93
1376	-29.72
1375	-28.11
1374	-30.49
1373	-27.22
1372	-28.87
1371	-28.72
1370	-27.44
1369	-32.16
1368	-28.37
1367	-28.42
1366	-29.26
1365	-27.29
1364	-29.23
1363	-31.53
1362	-28.8
1361	-28.07
1360	-28.08
1359	-28.44
1358	-25.46
1357	-29.34
1356	-28.02
1355	-28.29
1354	-30.49
1353	-30.16
1352	-27.46
1351	-28.34
1350	-27.95
1349	-27.4
1348	-29.75
1347	-27.91
1346	-28.22
1345	-29.26
1344	-30.21
1343	-26.52
1342	-26.05
1341	-30.25
1340	-30.12
1339	-28.22
1338	-29.69
1337	-28.36
1336	-26.6
1335	-29.51
1334	-27.77
1333	-28.8
1332	-30.56
1331	-29.81
1330	-28.85
1329	-27.29
1328	-27.52
1327	-25.94
1326	-26.39
1325	-28.52
1324	-27.33
1323	-28.8
1322	-30.31
1321	-29.34
1320	-30.01
1319	-32.21
1318	-30.56
1317	-29.47
1316	-29.01
1315	-28.24
1314	-30.18
1313	-28.54
1312	-29.4
1311	-27.63
1310	-29.1
1309	-28.46
1308	-25.92
1307	-29.51
1306	-29.37
1305	-27.89
1304	-30.81
1303	-28.69
1302	-28.1
1301	-27.34
1300	-27.67
1299	-28.24
1298	-28.54
1297	-28.3
1296	-28.27
1295	-29.92
1294	-28.04
1293	-28.99
1292	-27.53
1291	-29.34
1290	-27.58
1289	-28.36
1288	-30.42
1287	-31.34
1286	-29.03
1285	-29.04
1284	-29.49
1283	-28.88
1282	-31.02
1281	-27.7
1280	-28.93
1279	-28.39
1278	-28.52
1277	-29.78
1276	-29.59
1275	-26.81
1274	-28.28
1273	-28.64
1272	-28.2
1271	-28.67
1270	-28.91
1269	-27.58
1268	-29.77
1267	-30.32
1266	-29.43
1265	-29.26
1264	-29.68
1263	-27.52
1262	-29.92
1261	-30.35
1260	-30.1
1259	-29.88
1258	-26.84
1257	-27.32
1256	-27.02
1255	-28.15
1254	-28.68
1253	-29.33
1252	-30.62
1251	-28.83
1250	-28.11
1249	-30.51
1248	-27.83
1247	-29.31
1246	-28.67
1245	-27.83
1244	-28.06
1243	-27.46
1242	-27.09
1241	-28.61
1240	-28.33
1239	-27.68
1238	-30.35
1237	-27.07
1236	-29.22
1235	-28.97
1234	-28.08
1233	-27.4
1232	-27.31
1231	-30.22
1230	-27.52
1229	-29.11
1228	-28.29
1227	-29.09
1226	-27.97
1225	-27.38
1224	-27.75
1223	-27.27
1222	-27.52
1221	-27.75
1220	-28.6
1219	-28.43
1218	-29.01
1217	-27.98
1216	-29.03
1215	-28.91
1214	-30.69
1213	-30.1
1212	-26.2
1211	-28.33
1210	-29.52
1209	-28.23
1208	-28.15
1207	-29.05
1206	-30.6
1205	-26.68
1204	-29.39
1203	-28.71
1202	-28.45
1201	-26.23
1200	-28.54
1199	-31.28
1198	-29.17
1197	-29.92
1196	-30.28
1195	-28.09
1194	-29.63
1193	-31.82
1192	-30.32
1191	-28
1190	-26.82
1189	-28.95
1188	-29.99
1187	-27.21
1186	-30.84
1185	-30.08
1184	-28.77
1183	-29.82
1182	-27.51
1181	-27.71
1180	-29.34
1179	-29.05
1178	-28.46
1177	-26.63
1176	-25.41
1175	-27.98
1174	-29.99
1173	-29.56
1172	-29.51
1171	-30.69
1170	-29.34
1169	-30.84
1168	-30.19
1167	-29.28
1166	-28.68
1165	-28.99
1164	-28.9
1163	-27.17
1162	-27.72
1161	-27.95
1160	-27.97
1159	-28.04
1158	-29.67
1157	-28.36
1156	-29.73
1155	-28.87
1154	-29.72
1153	-28.99
1152	-28.53
1151	-28.35
1150	-27.76
1149	-31.82
1148	-29.26
1147	-28
1146	-27.76
1145	-27.57
1144	-28.6
1143	-27.99
1142	-28.71
1141	-28.3
1140	-29.22
1139	-27.4
1138	-27.19
1137	-27.22
1136	-29.39
1135	-30.1
1134	-28.18
1133	-28.63
1132	-27.83
1131	-28.15
1130	-27.65
1129	-29.32
1128	-28.49
1127	-27.18
1126	-29.6
1125	-25.9
1124	-27.63
1123	-28.78
1122	-27.5
1121	-29.58
1120	-28.83
1119	-28.94
1118	-29.75
1117	-27.77
1116	-28.75
1115	-28.81
1114	-29.24
1113	-29.63
1112	-28.16
1111	-28.73
1110	-29.14
1109	-27.46
1108	-29.83
1107	-29.46
1106	-29.16
1105	-30.22
1104	-28.07
1103	-28.74
1102	-27.06
1101	-29.58
1100	-29.36
1099	-29.12
1098	-28.3
1097	-28.93
1096	-30.3
1095	-28.62
1094	-26.16
1093	-28.74
1092	-28.5
1091	-29.4
1090	-28.03
1089	-27.46
1088	-27.67
1087	-27.96
1086	-29.49
1085	-29.39
1084	-29.11
1083	-29.87
1082	-27.89
1081	-26.7
1080	-28.36
1079	-29.21
1078	-29.33
1077	-30.08
1076	-30.32
1075	-29.08
1074	-30.37
1073	-28.03
1072	-28.49
1071	-28.32
1070	-29.94
1069	-27.71
1068	-28.86
1067	-28.23
1066	-27.8
1065	-27.7
1064	-27.73
1063	-27.47
1062	-28.68
1061	-27.56
1060	-28.57
1059	-30.39
1058	-30.04
1057	-27.26
1056	-28.01
1055	-27.54
1054	-29.37
1053	-26.98
1052	-29.02
1051	-29.39
1050	-29.28
1049	-28.37
1048	-29.31
1047	-27.78
1046	-28.43
1045	-30.09
1044	-27.93
1043	-27.24
1042	-28.73
1041	-29.06
1040	-30.05
1039	-28.44
1038	-28.14
1037	-27.67
1036	-26.38
1035	-27.87
1034	-28.63
1033	-27.24
1032	-28.17
1031	-29.8
1030	-28.06
1029	-27.92
1028	-29.07
1027	-27.48
1026	-28.29
1025	-27.6
1024	-28.01
1023	-30.01
1022	-29.9
1021	-27.99
1020	-28.18
1019	-27.93
1018	-26.56
1017	-29.05
1016	-28.94
1015	-28.02
1014	-30.35
1013	-29.41
1012	-26.95
1011	-30.07
1010	-28.28
1009	-27.86
1008	-28.49
1007	-28.4
1006	-28.68
1005	-26.65
1004	-29.46
1003	-28.27
1002	-25.41
1001	-30.77
1000	-27.85
999	-28.97
998	-27.65
997	-29.17
996	-27.64
995	-27.84
994	-29.7
993	-28.44
992	-26.96
991	-27.37
990	-28.4
989	-26.96
988	-28.55
987	-27.5
986	-28.4
985	-27.01
984	-30.59
983	-28.41
982	-28.93
981	-28.85
980	-29.65
979	-29.53
978	-27.66
977	-28.42
976	-30.07
975	-29.67
974	-27.95
973	-30.6
972	-29.15
971	-28.21
970	-27.75
969	-27.51
968	-29.02
967	-27.87
966	-30.79
965	-28.58
964	-27.33
963	-27.29
962	-27.4
961	-27.67
960	-28.79
959	-29.34
958	-28.06
957	-26.81
956	-26.55
955	-28.25
954	-29.29
953	-27.95
952	-28.48
951	-29.57
950	-28.89
949	-28.75
948	-29.43
947	-28.94
946	-26.55
945	-29.87
944	-29.49
943	-27.92
942	-28.07
941	-29.04
940	-29.53
939	-28.12
938	-30.89
937	-30.41
936	-29.29
935	-26.32
934	-26.41
933	-27.06
932	-26.89
931	-29.58
930	-30.46
929	-28.78
928	-28.62
927	-29.16
926	-27.71
925	-27.3
924	-27.86
923	-29.55
922	-29.35
921	-27.63
920	-27.22
919	-27.35
918	-28.26
917	-29.82
916	-29.21
915	-27.79
914	-29.02
913	-28.3
912	-27.65
911	-26.3
910	-26.86
909	-29.54
908	-26.76
907	-29.53
906	-28.71
905	-30.32
904	-28.22
903	-28.96
902	-27.6
901	-26.8
900	-27.77
899	-28.39
898	-29.64
897	-28.64
896	-26.71
895	-29.88
894	-29.96
893	-30.35
892	-28.42
891	-28.81
890	-29.06
889	-29.05
888	-28.49
887	-27.33
886	-30.51
885	-27.7
884	-28.88
883	-30.22
882	-29.05
881	-28.82
880	-28.34
879	-28.51
878	-28.57
877	-27.99
876	-27.63
875	-29.16
874	-28.57
873	-25.57
872	-27.72
871	-29.35
870	-27.4
869	-29.66
868	-28.39
867	-28.93
866	-28.47
865	-28.01
864	-28.78
863	-28.35
862	-27.65
861	-28.41
860	-30.24
859	-28
858	-28.65
857	-29.62
856	-30.6
855	-28.74
854	-29.21
853	-28.26
852	-29.99
851	-28.59
850	-28.35
849	-30.15
848	-28.65
847	-29.07
846	-27.92
845	-29.6
844	-27.53
843	-29.93
842	-28.14
841	-28.33
840	-28.15
839	-28.24
838	-27.8
837	-29.12
836	-27.42
835	-28.51
834	-27.54
833	-29.05
832	-25.99
831	-30.1
830	-30.05
829	-29.17
828	-27.83
827	-28.51
826	-30.37
825	-27.59
824	-29.69
823	-28.65
822	-28.88
821	-30.17
820	-28.83
819	-29.21
818	-28.03
817	-27.57
816	-28.11
815	-28.3
814	-28.09
813	-26.69
812	-29.12
811	-29.76
810	-29.36
809	-26.11
808	-26.76
807	-28.16
806	-27.39
805	-27.73
804	-27.99
803	-29.95
802	-28.66
801	-27.47
800	-29.73
799	-28.9
798	-28.99
797	-28.71
796	-29.87
795	-28.81
794	-29.08
793	-27.23
792	-29.69
791	-27.77
790	-27.8
789	-28.39
788	-26.22
787	-27.93
786	-28.55
785	-27.79
784	-28.25
783	-29.37
782	-26.98
781	-28.82
780	-32.43
779	-30.58
778	-28.64
777	-29.44
776	-28.26
775	-28.29
774	-29.21
773	-27.39
772	-29.25
771	-30.1
770	-29.57
769	-29.89
768	-29.29
767	-29.24
766	-27.99
765	-28.83
764	-28.28
763	-28.53
762	-29.04
761	-29.61
760	-30.46
759	-26.84
758	-28.51
757	-29.4
756	-27.53
755	-27.66
754	-28.23
753	-28.46
752	-28.51
751	-26.2
750	-30.15
749	-27.74
748	-26.55
747	-28.04
746	-29.28
745	-27.77
744	-27.79
743	-29.04
742	-28.44
741	-26.53
740	-28.74
739	-29.43
738	-27.8
737	-28.29
736	-28.74
735	-28.18
734	-27.7
733	-30.75
732	-29.84
731	-28.02
730	-30.34
729	-28.41
728	-29.12
727	-27.78
726	-27.37
725	-28
724	-30.25
723	-28.49
722	-27.98
721	-29.33
720	-29.05
719	-28.68
718	-30.86
717	-31.24
716	-29.39
715	-29.58
714	-28.88
713	-27.37
712	-28.09
711	-27.81
710	-28.15
709	-28.01
708	-27.44
707	-29.29
706	-29.59
705	-27.12
704	-28.63
703	-28.08
702	-29.51
701	-27.89
700	-29.93
699	-29.87
698	-27.17
697	-28.73
696	-29.5
695	-28.91
694	-26.42
693	-28.66
692	-29.08
691	-27.84
690	-28.41
689	-28.95
688	-28.78
687	-29.24
686	-29.1
685	-28.6
684	-29.44
683	-30.41
682	-31.44
681	-29.23
680	-29.76
679	-30.76
678	-31.84
677	-27.42
676	-28.86
675	-28.79
674	-27.51
673	-28.09
672	-29.31
671	-28.96
670	-28.43
669	-28.36
668	-27.84
667	-29.29
666	-27.8
665	-26.02
664	-30.45
663	-28.89
662	-30.03
661	-28.54
660	-28.38
659	-29.86
658	-29.75
657	-28.17
656	-26.64
655	-27.81
654	-29.12
653	-27.37
652	-27.14
651	-30.25
650	-30.79
649	-30.04
648	-29.26
647	-30.42
646	-28.7
645	-27.52
644	-29.46
643	-27.7
642	-31.44
641	-30.04
640	-28.48
639	-28.48
638	-29.68
637	-30.39
636	-26.81
635	-28.51
634	-30.2
633	-29.2
632	-27.14
631	-29.52
630	-29.69
629	-29.74
628	-29.38
627	-27.68
626	-31.2
625	-27.76
624	-28.2
623	-27.19
622	-27.99
621	-29.55
620	-30.5
619	-30.33
618	-30.88
617	-28.49
616	-29.33
615	-28.35
614	-29.07
613	-31.51
612	-28.68
611	-28.79
610	-29.81
609	-29.85
608	-28.99
607	-29.49
606	-27.93
605	-27.29
604	-27.73
603	-29.09
602	-28.92
601	-28.6
600	-28.07
599	-28.73
598	-30.97
597	-27.56
596	-28.19
595	-27.4
594	-28.28
593	-26.65
592	-27.6
591	-30.2
590	-26.78
589	-30.58
588	-28.7
587	-29.57
586	-27.66
585	-28.91
584	-29.27
583	-27.54
582	-28.17
581	-27.52
580	-27.22
579	-28.1
578	-29.23
577	-28.16
576	-30.92
575	-31.89
574	-30.48
573	-28.57
572	-27.88
571	-29.46
570	-29.51
569	-27.71
568	-28.99
567	-28.75
566	-30.43
565	-28.59
564	-29.42
563	-29.19
562	-29.44
561	-28.72
560	-28.38
559	-27.52
558	-30.09
557	-29.39
556	-27.37
555	-26.36
554	-27.83
553	-26.59
552	-28.19
551	-28.08
550	-28.14
549	-30.19
548	-28.42
547	-30.18
546	-27.81
545	-28.29
544	-29.77
543	-27.89
542	-28.45
541	-28.96
540	-28.93
539	-28.37
538	-29.01
537	-29.09
536	-29.64
535	-29.5
534	-29.57
533	-29.38
532	-31.04
531	-29.64
530	-33.84
529	-28.86
528	-29.82
527	-27.79
526	-28.16
525	-25.96
524	-28.75
523	-29.72
522	-27.48
521	-28.19
520	-28.94
519	-28.96
518	-30.59
517	-29.5
516	-26.48
515	-28.48
514	-28.77
513	-26.37
512	-29.56
511	-29.1
510	-29.08
509	-28.85
508	-27.45
507	-28.87
506	-29.82
505	-28.97
504	-26.22
503	-28.47
502	-29.6
501	-29.96
500	-28.27
499	-28.19
498	-29.81
497	-28.43
496	-27.13
495	-29.78
494	-27.16
493	-31.72
492	-28.78
491	-27.79
490	-28.91
489	-29.29
488	-29.92
487	-27.55
486	-29
485	-29.52
484	-27.4
483	-27.75
482	-29.36
481	-29.94
480	-29.06
479	-27.75
478	-27.31
477	-30.2
476	-28.29
475	-28.73
474	-30.2
473	-29.35
472	-27.59
471	-27.95
470	-28.84
469	-29.73
468	-28.93
467	-28.88
466	-28.82
465	-28.24
464	-28.82
463	-28.68
462	-29.77
461	-27.15
460	-29.14
459	-29.27
458	-27.5
457	-26.36
456	-27.37
455	-26.43
454	-28.32
453	-28.87
452	-26.98
451	-28.66
450	-28.41
449	-28.56
448	-27.72
447	-29.01
446	-28.96
445	-28.33
444	-29.39
443	-27.54
442	-27.73
441	-28.74
440	-28.51
439	-27.93
438	-27.45
437	-28.04
436	-27.64
435	-28.87
434	-29.97
433	-28.13
432	-29.88
431	-28.95
430	-28.85
429	-29.44
428	-28.82
427	-28.79
426	-29.59
425	-28.08
424	-26.88
423	-27.46
422	-27.66
421	-27.73
420	-28.02
419	-28.64
418	-28.05
417	-27.59
416	-29.79
415	-28.46
414	-28.8
413	-27.43
412	-27.59
411	-27.85
410	-28.12
409	-29.24
408	-28.5
407	-29.3
406	-28.81
405	-28.31
404	-28.79
403	-27.4
402	-27.78
401	-26.45
400	-27.03
399	-28.18
398	-26.51
397	-30.36
396	-27.01
395	-29.53
394	-27.91
393	-28.6
392	-30.26
391	-30.8
390	-30.74
389	-29.16
388	-28.42
387	-28.26
386	-27.01
385	-28.75
384	-27.45
383	-29.74
382	-29.33
381	-26.95
380	-27.76
379	-29.55
378	-28.29
377	-28.41
376	-29.06
375	-27.01
374	-27.64
373	-29.31
372	-30.37
371	-29.53
370	-27.64
369	-29.17
368	-29.14
367	-27.75
366	-28.76
365	-27.53
364	-29.87
363	-28.77
362	-30.45
361	-26.83
360	-28.88
359	-29.32
358	-28.82
357	-28.23
356	-29.86
355	-28.82
354	-29.35
353	-28.77
352	-30.15
351	-30.13
350	-29.68
349	-27.53
348	-26.8
347	-29.05
346	-28.58
345	-29.99
344	-28.36
343	-28.96
342	-30.68
341	-28.78
340	-27.74
339	-27.09
338	-26.67
337	-28.67
336	-28.18
335	-28.84
334	-28.01
333	-26.9
332	-26.34
331	-27.82
330	-29
329	-30.29
328	-27.66
327	-26.08
326	-26.93
325	-29.65
324	-27.53
323	-31.08
322	-28.6
321	-29.23
320	-27.51
319	-30.64
318	-28.04
317	-28.71
316	-27.55
315	-28.1
314	-28.27
313	-29.06
312	-29.18
311	-28.05
310	-27.6
309	-27.66
308	-28.05
307	-31
306	-27.75
305	-29.67
304	-30.15
303	-30.41
302	-27.64
301	-28.91
300	-28.4
299	-26.28
298	-30.2
297	-28.66
296	-28.01
295	-29.01
294	-30.11
293	-28.74
292	-26.12
291	-27.76
290	-27.89
289	-29.86
288	-28.62
287	-30.24
286	-28.91
285	-28.21
284	-25.99
283	-29
282	-26.68
281	-29.19
280	-28
279	-28.25
278	-27.58
277	-28.67
276	-28.94
275	-26.71
274	-29.08
273	-28.79
272	-28.1
271	-27.83
270	-27.08
269	-28.52
268	-28.9
267	-29.22
266	-29.33
265	-29.2
264	-28.89
263	-27.87
262	-28.17
261	-28.88
260	-30
259	-25.79
258	-25.89
257	-30.64
256	-29.1
255	-27.45
254	-27.44
253	-27.48
252	-25.57
251	-28.75
250	-27.62
249	-27.14
248	-27.97
247	-28.04
246	-29.05
245	-26.47
244	-26.88
243	-28.82
242	-31.33
241	-28.15
240	-29.68
239	-27.01
238	-29.18
237	-27.71
236	-28.1
235	-30.22
234	-28.31
233	-28.01
232	-28.86
231	-27.3
230	-28.19
229	-28.55
228	-30.15
227	-29.22
226	-28.72
225	-28.02
224	-29.39
223	-27.14
222	-27.2
221	-27.97
220	-27.22
219	-29.1
218	-30.49
217	-30.98
216	-28.47
215	-29.19
214	-29.4
213	-28.56
212	-28.14
211	-28.33
210	-27.78
209	-28.3
208	-29.03
207	-28.39
206	-27.35
205	-28.86
204	-27.52
203	-29.22
202	-28.29
201	-30.03
200	-29.12
199	-27.88
198	-28.16
197	-28.37
196	-29.22
195	-27.63
194	-27.45
193	-29.15
192	-30.6
191	-28.68
190	-28.09
189	-25.8
188	-29.58
187	-28.71
186	-29.01
185	-29.15
184	-29.26
183	-29.3
182	-29.05
181	-29.32
180	-28.01
179	-29.12
178	-28.51
177	-27.76
176	-27.07
175	-29.22
174	-29.48
173	-28.2
172	-28
171	-27.06
170	-29.21
169	-28.87
168	-27.62
167	-31.16
166	-29.33
165	-26.71
164	-29.2
163	-27.78
162	-27.55
161	-28.59
160	-29.32
159	-28.33
158	-28.86
157	-29.11
156	-28.38
155	-28.35
154	-28.27
153	-30.2
152	-29.07
151	-28.18
150	-28.87
149	-27.67
148	-25.75
147	-28.22
146	-28.73
145	-27.6
144	-29.03
143	-27.91
142	-28.76
141	-28.24
140	-25.82
139	-28.09
138	-28.95
137	-28.48
136	-28.64
135	-26.78
134	-27.13
133	-27.32
132	-28.85
131	-25.63
130	-29.05
129	-28.76
128	-28.8
127	-27.37
126	-28.3
125	-27.75
124	-27.9
123	-27.94
122	-26.17
121	-27.13
120	-28.02
119	-29.78
118	-27.9
117	-26.27
116	-28.52
115	-29.44
114	-30.03
113	-27.63
112	-29.54
111	-29.25
110	-27.02
109	-28.19
108	-27.76
107	-28.11
106	-28.77
105	-29.75
104	-28.92
103	-27.85
102	-26.81
101	-28.53
100	-28.39
99	-28.31
98	-27.27
97	-28.2
96	-29.39
95	-28.74
94	-27.32
93	-27.39
92	-30.01
91	-27.96
90	-27.52
89	-26.74
88	-28.09
87	-29.34
86	-28.03
85	-28.82
84	-29.08
83	-29.71
82	-27.77
81	-27.07
80	-27.09
79	-27.2
78	-29.85
77	-27.13
76	-29.45
75	-27.05
74	-26.67
73	-29.21
72	-26.19
71	-29.66
70	-27.44
69	-27.73
68	-28.7
67	-27.48
66	-28.07
65	-28.94
64	-27.17
63	-27.23
62	-27.24
61	-28.85
60	-27.16
59	-27.82
58	-28.28
57	-27.96
56	-28.38
55	-29.28
54	-30.04
53	-26.7
52	-28.8
51	-27.61
50	-28.73
49	-27.59
48	-29.45
47	-29.79
46	-28.14
45	-28.46
44	-27.31
43	-28.2
42	-25.9
41	-28.39
40	-27.97
39	-28.49
38	-29.43
37	-28.41
36	-30.62
35	-28.83
34	-26.62
33	-27.53
32	-28
31	-28.77
30	-29.71
29	-26.74
28	-28.3
27	-27.43
26	-29.38
25	-28.44
24	-28.14
23	-28.8
22	-27.38
21	-30.48
20	-28.15
19	-26.51
18	-26.62
17	-29.17
16	-28.22
15	-26.96
14	-28.46
13	-30.55
12	-28.45
11	-27.52
10	-26.22
9	-27.41
8	-27.96
7	-29.35
6	-28.8
5	-28.17
4	-27.77
3	-27.76
2	-28.34
1	-27.91
